C*******************************************************************************
C                       Groundwater Hydrograph at Selected Nodes
C
C   NOUTH     ;  Total number of hydrographs to be printed
C                  (set NOUTH = 0 if no hydrograph data is to be printed)
C   GWHSOMEFL ;  File name for groundwater hydrograph output at specified locations
C                  * Leave blank if this output is not required
C   FACTXY    ;  Conversion factor for hydrograph location coordinates
C   ID        ;  Sequential ID number for hydrograph locations
C   ILAYER    ;  Aquifer layer number 
C                  (set ILAYER = 0 to print average head for all layers)
C   X         ;  x-coordinate of hydrograph location
C                  * Leave blank if location is specified as a node
C   Y         ;  y-coordinate of hydrograph location 
C                  * Leave blank if location is specified as a node
C   INODE     ;  Node number for hydrograph print-out 
C                  * Leave blank if location is specified x-y coordinate
C             
C-------------------------------------------------------------------------------
C   VALUE                                        DESCRIPTION
C-------------------------------------------------------------------------------
     1387                                           / NOUTH     169
     GWhyd.out                                  / GWSOMEFL
     3.2808                                      / FACTXY   
C-------------------------------------------------------------------------------
C   ID       ILAYER     X            Y            INODE                                   
C-------------------------------------------------------------------------------
   1 	       1    616887       4198677
   2	       1    651178       4198961
   3	       1    646419       4200584
   4	       1    657401       4200943
   5	       1    669131       4199945
   6	       3    681153       4201456
   7	       1    675756       4199795
   8	       1    620500       4192071
   9	       1    627598       4184842
  10	       1    642092       4184458
  11	       1    648168       4193800
  12	       1    652415       4191069
  13	       1    653043       4186153
  14	       1    657896       4191162
  15	       1    663259       4190157
  16	       1    658626       4185737
  17	       1    669422       4191403
  18	       1    671515       4185152
  19	       1    680516       4190862
  20	       1    677125       4185237
  21	       1    686384       4194934
  22	       1    690914       4187455
  23	       1    687647       4187780
  24	       1    597875       4208458
  25	       1    588826       4210790
  26	       1    593031       4209468
  27	       1    607953       4207999
  28	       1    607062       4207094
  29	       1    610159       4207166
  30	       1    613193       4206529
  31	       1    650567       4210627
  32	       1    645216       4207910
  33	       1    651117       4206530
  34	       1    661877       4208845
  35	       1    661559       4204032
  36	       1    671160       4212209
  37	       2    669627       4210390
  38	       1    676968       4213621
  39	       1    678446       4209101
  40	       1    629519       4181387
  41	       1    631014       4179346
  42	       1    637307       4182501
  43	       1    649990       4182167
  44	       2    644559       4174845
  45	       1    662978       4182570
  46	       1    657279       4178330
  47	       1    668439       4182224
  48	       1    674350       4180260
  49	       1    685894       4183144
  50	       1    694950       4179156
  51	       1    696163       4176754
  52	       1    703535       4176810
  53	       1    618921       4218510
  54	       1    638318       4222108
  55	       1    640365       4219324
  56	       1    646853       4222813
  57	       1    650254       4215238
  58	       1    645440       4216516
  59	       1    658550       4221812
  60	       1    661810       4216203
  61	       1    639377       4174178
  62	       2    637565       4171251
  63	       1    641433       4167366
  64	       1    649965       4174342
  65	       1    647603       4173245
  66	       1    648035       4166871
  67	       1    672899       4171671
  68	       1    668842       4171987
  69	       1    664441       4171498
  70	       1    665132       4166484
  71	       1    678673       4175180
  72	       1    679182       4171250
  73	       1    677898       4168169
  74	       1    684244       4174936
  75	       1    686057       4171579
  76	       1    689179       4170140
  77	       1    685997       4167970
  78	       1    697429       4168768
  79	       1    704310       4172232
  80	       1    707005       4167181
  81	       1    604531       4229872
  82	       1    597330       4225820
  83	       1    590213       4226925
  84	       2    588181       4222864
  85	       1    609261       4229767
  86	       1    636127       4230973
  87	       1    637858       4224431
  88	       1    643306       4227079
  89	       1    652294       4228608
  90	       2    661002       4224191
  91	       1    662328       4233265
  92	       1    669424       4229369
  93	       1    665523       4227335
  94	       1    663880       4223649
  95	       1    671799       4224368
  96	       2    648210       4163977
  97	       1    646301       4165086
  98	       2    647875       4161995
  99	       2    653731       4157196
 100	       1    657533       4163627
 101	       1    656187       4159584
 102	       1    670826       4159228
 103	       1    678904       4159987
 104	       1    691733       4163516
 105	       1    696605       4162941
 106	       1    700003       4157627
 107	       1    708883       4165873
 108	       1    706639       4160232
 109	       1    709374       4160078
 110	       2    716969       4158675
 111	       1    600215       4239738
 112	       1    594873       4238830
 113	       1    586279       4235205
 114	       1    604681       4235212
 115	       1    613620       4233645
 116	       1    579544       4235025
 117	       1    580967       4233619
 118	       1    638036       4240174
 119	       1    640857       4239445
 120	       1    636718       4234835
 121	       1    634514       4233144
 122	       1    645448       4239549
 123	       1    649064       4236085
 124	       1    656824       4240794
 125	       2    660022       4237449
 126	       1    666249       4238518
 127	       1    657319       4152979
 128	       1    660826       4151780
 129	       2    662391       4150923
 130	       1    662363       4147370
 131	       1    673939       4154487
 132	       1    664762       4155343
 133	       1    667483       4147072
 134	       1    679039       4149222
 135	       1    687039       4156248
 136	       1    685440       4152204
 137	       1    694067       4153234
 138	       1    696983       4147007
 139	       1    707226       4150531
 140	       1    710063       4150291
 141	       1    711709       4149256
 142	       1    719548       4152461
 143	       1    729753       4155852
 144	       1    724239       4156958
 145	       1    724878       4149858
 146	       1    600941       4248803
 147	       1    602998       4248452
 148	       1    594892       4246155
 149	       1    598867       4241975
 150	       1    594334       4250510
 151	       1    586979       4245788
 152	       1    611016       4249901
 153	       1    612649       4246195
 154	       1    606107       4245218
 155	       1    621157       4244720
 156	       1    641142       4252149
 157	       1    635402       4247044
 158	       1    633520       4243006
 159	       1    649302       4247345
 160	       1    646196       4245590
 161	       1    655195       4249521
 162	       1    658341       4243710
 163	       1    665404       4246438
 164	       1    666665       4244199
 165	       1    664487       4143283
 166	       1    669392       4142859
 167	       1    666491       4139160
 168	       2    667822       4138998
 169	       1    682099       4145225
 170	       1    674606       4143733
 171	       1    675797       4138885
 172	       1    690336       4144266
 173	       1    693629       4138202
 174	       1    699505       4139273
 175	       1    704937       4141747
 176	       1    710036       4140486
 177	       1    704770       4137358
 178	       2    715774       4146085
 179	       1    717493       4137557
 180	       1    725661       4143648
 181	       1    724989       4140965
 182	       1    594461       4256815
 183	       1    587781       4255618
 184	       1    613098       4258954
 185	       1    606132       4256572
 186	       1    617152       4257991
 187	       1    630275       4259236
 188	       1    636701       4260608
 189	       2    639549       4255362
 190	       2    634222       4253329
 191	       1    648053       4259178
 192	       1    648188       4256083
 193	       1    649153       4255857
 194	       1    658847       4261904
 195	       1    655075       4253904
 196	       1    656165       4253548
 197	       1    668398       4261233
 198	       1    662105       4258294
 199	       1    670688       4254087
 200	       1    672941       4136516
 201	       2    673174       4132081
 202	       1    664868       4130282
 203	       1    673092       4127917
 204	       1    677848       4136186
 205	       1    685873       4133963
 206	       1    684793       4132674
 207	       2    691721       4130976
 208	       1    691721       4130976
 209	       1    696930       4135748
 210	       1    698501       4129679
 211	       1    710009       4134867
 212	       1    707123       4133963
 213	       2    713089       4131581
 214	       1    705757       4130409
 215	       1    721416       4135792
 216	       1    713097       4133369
 217	       1    714797       4129681
 218	       2    730796       4134771
 219	       1    727571       4130085
 220	       1    733389       4133666
 221	       1    740125       4130169
 222	       1    604229       4269388
 223	       1    600339       4266908
 224	       1    598804       4260574
 225	       1    589595       4262774
 226	       1    588292       4261484
 227	       1    613085       4269164
 228	       1    610722       4266146
 229	       1    605513       4265187
 230	       1    618770       4266627
 231	       1    617860       4263894
 232	       1    623995       4270336
 233	       1    624186       4265888
 234	       1    630782       4265627
 235	       1    631340       4262406
 236	       1    632967       4268482
 237	       1    637210       4267566
 238	       1    645257       4265587
 239	       1    642785       4262890
 240	       1    658058       4270492
 241	       1    652651       4269299
 242	       1    652981       4262967
 243	       1    671685       4122094
 244	       1    673371       4119109
 245	       1    676275       4125430
 246	       1    679330       4125306
 247	       2    682793       4120319
 248	       1    682847       4120265
 249	       1    686245       4122404
 250	       2    688488       4121311
 251	       1    688490       4121222
 252	       1    691852       4117846
 253	       1    699910       4125649
 254	       1    698031       4122518
 255	       1    708299       4125198
 256	       1    703898       4122592
 257	       1    714863       4122222
 258	       1    714886       4120312
 259	       2    730859       4126999
 260	       1    723624       4126703
 261	       1    734075       4127544
 262	       2    736959       4124434
 263	       1    735004       4122572
 264	       1    746228       4123806
 265	       1    742939       4120299
 266	       1    747075       4118943
 267	       1    601241       4278273
 268	       1    599088       4276426
 269	       1    596302       4274272
 270	       1    591290       4274712
 271	       1    609131       4277933
 272	       1    610600       4274346
 273	       1    620533       4279751
 274	       1    615465       4271529
 275	       1    624720       4278583
 276	       1    627834       4279287
 277	       1    627321       4275416
 278	       1    641805       4278813
 279	       1    639391       4277960
 280	       1    635331       4275015
 281	       1    648818       4279962
 282	       1    646797       4274840
 283	       1    655804       4279707
 284	       1    652717       4272686
 285	       1    660154       4272932
 286	       2    680219       4117366
 287	       1    678058       4115811
 288	       1    674906       4112759
 289	       1    682406       4110698
 290	       1    688324       4113603
 291	       2    692365       4111752
 292	       1    690495       4107946
 293	       1    697294       4108868
 294	       1    700566       4108146
 295	       1    707369       4116848
 296	       1    708473       4112068
 297	       1    713194       4113108
 298	       1    719653       4112574
 299	       2    721074       4110912
 300	       2    716551       4110118
 301	       1    723360       4116924
 302	       2    731704       4114374
 303	       1    725326       4111858
 304	       2    726871       4113287
 305	       1    725345       4110159
 306	       2    741265       4116708
 307	       2    737393       4109657
 308	       2    742862       4117121
 309	       1    750818       4116799
 310	       1    742295       4113650
 311	       2    747027       4112399
 312	       1    753305       4118051
 313	       1    755172       4117429
 314	       1    765591       4111242
 315	       1    601797       4287902
 316	       1    601320       4282314
 317	       1    603504       4280277
 318	       1    592042       4288006
 319	       1    585979       4289203
 320	       1    591022       4285963
 321	       1    587294       4280983
 322	       1    613902       4286402
 323	       1    584777       4281233
 324	       1    621085       4286374
 325	       1    620596       4282515
 326	       1    626520       4285837
 327	       1    630103       4285873
 328	       1    633769       4288198
 329	       1    639306       4284308
 330	       1    634639       4280964
 331	       1    644444       4290272
 332	       1    649952       4287676
 333	       2    652060       4287960
 334	       1    678732       4107067
 335	       1    676426       4105076
 336	       1    683544       4102919
 337	       1    686805       4106354
 338	       2    699109       4100895
 339	       1    694618       4101535
 340	       1    707863       4105058
 341	       1    711917       4100962
 342	       1    717898       4106844
 343	       1    716551       4107342
 344	       1    722275       4102794
 345	       1    732473       4108721
 346	       1    732721       4107150
 347	       1    729542       4104965
 348	       1    737793       4102383
 349	       1    733584       4100700
 350	       1    751239       4106848
 351	       1    744008       4103926
 352	       1    748810       4100457
 353	       1    755286       4108702
 354	       1    760781       4107693
 355	       1    757216       4104618
 356	       1    765427       4107682
 357	       1    770212       4108079
 358	       1    768242       4101728
 359	       1    774497       4106306
 360	       2    599235       4298791
 361	       1    590303       4289517
 362	       1    606565       4293426
 363	       1    583076       4292513
 364	       1    636090       4296319
 365	       1    634519       4295260
 366	       1    639172       4290489
 367	       1    879802       3885834
 368	       1    870774       3885483
 369	       2    875094       3886472
 370	       1    872282       3881476
 371	       2    863839       3887860
 372	       2    863082       3886684
 373	       1    841087       3886854
 374	       1    692609       4097537
 375	       1    689041       4096624
 376	       2    686861       4096975
 377	       1    691240       4093465
 378	       1    693602       4088745
 379	       1    702560       4097303
 380	       1    695014       4093218
 381	       1    706465       4095276
 382	       1    715506       4094946
 383	       1    720961       4091756
 384	       1    726578       4095690
 385	       1    727301       4089636
 386	       1    742769       4092785
 387	       1    736233       4091945
 388	       1    740179       4089835
 389	       1    749466       4097544
 390	       1    746136       4090106
 391	       1    752763       4099619
 392	       1    758010       4093168
 393	       1    763452       4096513
 394	       1    772616       4094770
 395	       1    776719       4091448
 396	       1    782225       4096440
 397	       3    600293       4299522
 398	       1    587104       4308604
 399	       1    590626       4302373
 400	       1    593537       4299776
 401	       1    606374       4302491
 402	       1    620822       4308472
 403	       1    634285       4308032
 404	       3    640835       4304983
 405	       1    636799       4303047
 406	       1    649630       4306132
 407	       1    645738       4306415
 408	       1    647411       4303215
 409	       1    645400       4300691
 410	       2    862946       3889403
 411	       2    855751       3888340
 412	       2    845900       3888370
 413	       2    701669       4084947
 414	       1    701835       4082831
 415	       1    700014       4080223
 416	       1    710530       4087260
 417	       2    709040       4085103
 418	       1    704366       4082947
 419	       2    704383       4082237
 420	       1    712546       4080771
 421	       1    714106       4080844
 422	       1    721957       4088762
 423	       1    722199       4084293
 424	       2    714944       4082997
 425	       1    717294       4079348
 426	       1    731764       4087813
 427	       1    726775       4086291
 428	       1    733155       4082299
 429	       1    739352       4080561
 430	       1    747722       4084965
 431	       1    760707       4089241
 432	       1    754166       4089965
 433	       2    762443       4085040
 434	       1    754487       4081922
 435	       1    766319       4090337
 436	       1    771548       4081038
 437	       1    772956       4085860
 438	       1    780078       4082603
 439	       1    784567       4087230
 440	       1    791502       4082276
 441	       1    793359       4087962
 442	       1    797982       4082900
 443	       1    807199       4085117
 444	       1    801643       4085163
 445	       1    601918       4316883
 446	       1    587072       4315385
 447	       1    592666       4308922
 448	       1    606845       4315117
 449	       1    579076       4318031
 450	       1    581362       4313015
 451	       1    631935       4317850
 452	       1    623309       4316623
 453	       1    636444       4319104
 454	       1    642092       4313764
 455	       1    639102       4309781
 456	       1    645709       4316417
 457	       2    710751       4079061
 458	       2    707621       4076364
 459	       1    706141       4074075
 460	       2    710915       4069506
 461	       2    720323       4076128
 462	       2    715772       4072836
 463	       2    720522       4071537
 464	       1    714086       4072761
 465	       1    732090       4076840
 466	       2    725397       4074662
 467	       1    732944       4074642
 468	       1    728501       4072801
 469	       1    740676       4078255
 470	       1    742163       4073022
 471	       2    739876       4071448
 472	       1    748297       4078996
 473	       1    751205       4072140
 474	       1    758959       4079869
 475	       1    756057       4071540
 476	       1    766784       4080355
 477	       1    770168       4074452
 478	       1    764269       4071024
 479	       1    778511       4075920
 480	       1    787268       4078310
 481	       1    791218       4079589
 482	       1    784546       4075008
 483	       1    789592       4072767
 484	       1    799171       4077264
 485	       1    796441       4074302
 486	       1    804317       4079057
 487	       1    810556       4078782
 488	       1    807236       4075917
 489	       1    815113       4072993
 490	       1    598243       4322653
 491	       1    588669       4327434
 492	       1    578775       4328183
 493	       1    583038       4320069
 494	       1    622192       4326130
 495	       1    574374       4327263
 496	       1    574204       4323244
 497	       1    628472       4325164
 498	       1    623872       4321094
 499	       1    631978       4319916
 500	       1    640769       4326185
 501	       1    636425       4325687
 502	       1    638431       4320371
 503	       2    712765       4063046
 504	       1    717332       4068035
 505	       2    714875       4068006
 506	       1    714923       4067175
 507	       2    720517       4064786
 508	       1    722226       4063454
 509	       2    730208       4068461
 510	       1    725303       4069752
 511	       1    730066       4068509
 512	       2    728606       4066875
 513	       2    727855       4064545
 514	       1    728306       4063391
 515	       2    724685       4061319
 516	       1    735749       4068157
 517	       1    743138       4063267
 518	       2    743138       4063267
 519	       1    737544       4062432
 520	       2    733571       4062478
 521	       1    711478       4059751
 522	       2    735230       4060703
 523	       1    748012       4070070
 524	       2    746414       4067836
 525	       1    750183       4064613
 526	       1    746691       4060692
 527	       1    761051       4066637
 528	       1    754828       4063584
 529	       1    765820       4068295
 530	       1    772307       4069576
 531	       1    782055       4063294
 532	       1    789077       4069483
 533	       1    791521       4071510
 534	       1    797481       4065727
 535	       1    806179       4066000
 536	       1    802899       4065883
 537	       1    817403       4068876
 538	       1    825522       4066714
 539	       1    587080       4337338
 540	       1    608616       4333023
 541	       1    612783       4332993
 542	       1    619429       4334268
 543	       1    616193       4331578
 544	       1    573596       4336356
 545	       1    569466       4331580
 546	       1    569659       4328319
 547	       1    627546       4336860
 548	       1    632327       4335197
 549	       1    626333       4331701
 550	       1    563159       4335466
 551	       1    634630       4331961
 552	       2    713902       4058323
 553	       1    712595       4059800
 554	       2    720703       4058618
 555	       1    721004       4058381
 556	       1    723731       4055709
 557	       2    719193       4054327
 558	       1    726059       4055337
 559	       2    727244       4054536
 560	       1    733577       4060291
 561	       2    736105       4057184
 562	       2    739125       4055758
 563	       1    733663       4055508
 564	       1    740209       4054456
 565	       2    739514       4052404
 566	       1    751954       4059112
 567	       1    745502       4056271
 568	       2    753310       4052889
 569	       1    751550       4054292
 570	       2    745207       4052498
 571	       1    760701       4061107
 572	       1    759624       4057064
 573	       2    757361       4053720
 574	       1    755449       4052030
 575	       1    761367       4053041
 576	       1    769242       4059860
 577	       1    764382       4060997
 578	       1    764598       4054862
 579	       1    778926       4061003
 580	       1    777443       4056756
 581	       1    773070       4053461
 582	       1    786427       4059673
 583	       1    790418       4055763
 584	       1    793582       4059137
 585	       1    800147       4052953
 586	       1    806294       4062771
 587	       1    803013       4062654
 588	       1    812815       4059761
 589	       1    812192       4056438
 590	       1    823836       4063227
 591	       1    821713       4060146
 592	       1    830476       4060579
 593	       2    832148       4058576
 594	       1    596185       4345747
 595	       1    611076       4339984
 596	       1    580315       4345901
 597	       1    584112       4345031
 598	       1    613463       4346290
 599	       1    620792       4345023
 600	       1    566356       4344627
 601	       1    573179       4344022
 602	       2    571715       4338059
 603	       1    625984       4346915
 604	       1    626120       4343864
 605	       1    562695       4345972
 606	       2    730504       4049782
 607	       1    728019       4048949
 608	       2    726478       4049641
 609	       1    727337       4047266
 610	       2    733159       4047355
 611	       1    733145       4046866
 612	       1    733672       4028370
 613	       2    731389       4046541
 614	       2    731518       4041725
 615	       1    740350       4047486
 616	       1    735488       4045075
 617	       1    736064       4026581
 618	       2    740608       4044351
 619	       2    736522       4041028
 620	       1    738960       4041062
 621	       1    746740       4049333
 622	       2    746866       4047770
 623	       2    748577       4046209
 624	       2    745341       4045284
 625	       2    757279       4049863
 626	       2    759700       4047126
 627	       2    758865       4041792
 628	       1    767141       4049698
 629	       1    771523       4044281
 630	       1    775192       4048752
 631	       1    780937       4045760
 632	       1    775036       4042671
 633	       1    784091       4049074
 634	       1    797157       4046360
 635	       1    803442       4049735
 636	       1    811483       4043599
 637	       1    817687       4053239
 638	       1    828778       4053689
 639	       1    824305       4051541
 640	       1    826125       4047997
 641	       1    829906       4045085
 642	       1    837312       4051919
 643	       1    835831       4048493
 644	       1    837029       4044471
 645	       1    600270       4355577
 646	       1    596437       4353298
 647	       1    603387       4349968
 648	       1    607261       4354261
 649	       2    605098       4349103
 650	       1    583626       4350075
 651	       1    575920       4349741
 652	       1    617828       4357844
 653	       1    615630       4355002
 654	       1    616665       4353175
 655	       1    621042       4351199
 656	       1    613419       4349897
 657	       1    616961       4348417
 658	       1    568025       4354119
 659	       1    570512       4355528
 660	       1    568262       4348727
 661	       1    628687       4353120
 662	       1    734470       4039340
 663	       2    743408       4037889
 664	       2    738628       4034924
 665	       2    741944       4034116
 666	       2    734748       4032064
 667	       2    751549       4039888
 668	       2    745104       4038803
 669	       1    745138       4034762
 670	       1    754936       4040009
 671	       2    756746       4035254
 672	       1    761358       4036192
 673	       2    759073       4033969
 674	       2    770115       4040593
 675	       2    766840       4040314
 676	       2    766677       4035710
 677	       1    781014       4042552
 678	       1    778952       4040875
 679	       1    773622       4034661
 680	       1    790772       4042909
 681	       1    787724       4036386
 682	       1    800406       4043206
 683	       1    793990       4042985
 684	       1    794444       4033334
 685	       1    806905       4043402
 686	       1    806346       4039682
 687	       1    803213       4035093
 688	       1    808391       4033954
 689	       1    820727       4043816
 690	       1    812570       4037127
 691	       1    824053       4038906
 692	       1    826198       4037041
 693	       1    837076       4036381
 694	       1    842201       4038094
 695	       1    848582       4038260
 696	       1    849848       4039634
 697	       1    602138       4362961
 698	       1    595893       4363836
 699	       1    589578       4361252
 700	       1    586436       4357987
 701	       1    591764       4357737
 702	       1    607137       4363272
 703	       1    611682       4359784
 704	       1    606077       4357630
 705	       1    579647       4362198
 706	       1    575682       4362669
 707	       1    615699       4366537
 708	       1    570447       4364618
 709	       1    569712       4362092
 710	       1    624476       4365130
 711	       1    626406       4360276
 712	       1    562575       4365161
 713	       1    564803       4365290
 714	       2    562477       4361353
 715	       1    737325       4029736
 716	       2    737348       4027271
 717	       2    745464       4029585
 718	       2    748713       4026846
 719	       1    746950       4026296
 720	       1    751801       4026935
 721	       2    751152       4024507
 722	       2    744298       4022212
 723	       1    748606       4023356
 724	       2    758881       4030476
 725	       1    755938       4030421
 726	       2    755212       4025491
 727	       1    761744       4022510
 728	       2    763645       4027410
 729	       2    769103       4024367
 730	       1    766859       4024265
 731	       1    779880       4032429
 732	       2    775303       4031193
 733	       2    773019       4029299
 734	       1    774436       4029377
 735	       1    790986       4031495
 736	       1    784530       4029770
 737	       1    788983       4027173
 738	       1    800307       4030303
 739	       1    795039       4029599
 740	       1    795320       4025032
 741	       1    818075       4025870
 742	       1    822663       4033330
 743	       1    823386       4030078
 744	       1    837145       4031381
 745	       1    832395       4028874
 746	       1    835807       4025304
 747	       1    841599       4032423
 748	       1    846825       4032353
 749	       1    846274       4025438
 750	       1    853069       4033995
 751	       1    851824       4027918
 752	       1    598254       4373867
 753	       1    598344       4368850
 754	       1    588887       4373420
 755	       1    590395       4368731
 756	       1    606290       4373518
 757	       1    579276       4374903
 758	       2    576939       4368753
 759	       2    579942       4367818
 760	       1    584108       4367773
 761	       1    614739       4375581
 762	       1    616687       4372368
 763	       1    619276       4372364
 764	       1    564725       4373547
 765	       1    624851       4368044
 766	       1    564399       4376674
 767	       2    749305       4015603
 768	       2    750825       4014047
 769	       2    756939       4020267
 770	       1    755424       4015814
 771	       2    755450       4014948
 772	       2    765267       4017530
 773	       2    771769       4016431
 774	       1    772823       4016375
 775	       1    766993       4013473
 776	       1    773244       4019587
 777	       1    779632       4019791
 778	       2    778135       4018210
 779	       1    783007       4016667
 780	       1    783486       4022671
 781	       2    787583       4020328
 782	       1    792408       4020489
 783	       2    784413       4017980
 784	       1    788332       4015109
 785	       1    797267       4021487
 786	       1    798952       4021123
 787	       2    794460       4015937
 788	       1    795711       4014346
 789	       1    809587       4022851
 790	       1    805512       4022862
 791	       1    808472       4019045
 792	       1    817862       4021383
 793	       1    820098       4015631
 794	       1    827050       4019691
 795	       1    827488       4016651
 796	       1    837681       4016885
 797	       1    846898       4022195
 798	       1    844006       4019545
 799	       2    851336       4017737
 800	       1    594632       4383212
 801	       1    600388       4378378
 802	       1    584843       4384597
 803	       1    591766       4379403
 804	       1    584539       4377911
 805	       1    604137       4385244
 806	       1    609188       4382683
 807	       1    606450       4378770
 808	       1    582087       4384622
 809	       1    576884       4379485
 810	       2    569589       4386209
 811	       1    566700       4381855
 812	       1    572213       4380983
 813	       1    563495       4384181
 814	       1    738760       4008556
 815	       1    738095       4005207
 816	       1    739749       4002354
 817	       1    744010       4002339
 818	       1    750694       4009846
 819	       2    757361       4009330
 820	       1    760861       4009400
 821	       1    757525       4002860
 822	       2    766981       4012085
 823	       2    766408       4007869
 824	       1    769000       4003228
 825	       2    779919       4012524
 826	       2    773474       4013119
 827	       1    778277       4011516
 828	       1    775005       4008236
 829	       1    778405       4004978
 830	       1    791268       4011008
 831	       2    786597       4006265
 832	       2    794409       4012102
 833	       2    794520       4010439
 834	       1    809612       4014296
 835	       1    805971       4014145
 836	       2    803204       4013982
 837	       2    802697       4007575
 838	       1    817398       4007942
 839	       1    827567       4010485
 840	       1    830254       4007097
 841	       2    824971       4008343
 842	       1    832345       4015134
 843	       1    836652       4006007
 844	       1    850666       4011351
 845	       1    848157       4009638
 846	       1    845027       4007635
 847	       1    855619       4012541
 848	       1    859544       4008499
 849	       1    852778       4007478
 850	       1    862554       4008991
 851	       1    601930       4393728
 852	       1    597841       4389479
 853	       1    586827       4394475
 854	       1    585688       4391998
 855	       1    591208       4390253
 856	       3    592331       4390976
 857	       1    603045       4394320
 858	       1    609378       4389213
 859	       1    581223       4395746
 860	       1    577107       4393284
 861	       1    565045       4392695
 862	       1    565736       4387129
 863	       1    750497       4001012
 864	       1    745830       4000702
 865	       1    751063       3997020
 866	       1    750589       3995285
 867	       2    760222       3999730
 868	       1    766690       3997149
 869	       2    770278       3998336
 870	       2    769939       3995582
 871	       2    764221       3995030
 872	       2    780379       4003530
 873	       2    773119       3998857
 874	       2    774710       3998441
 875	       2    789227       3997309
 876	       2    787676       3995647
 877	       2    793971       4002922
 878	       2    799208       3997645
 879	       2    805343       4001212
 880	       1    807225       3998478
 881	       2    808777       3996399
 882	       1    813407       4002642
 883	       1    820705       4003285
 884	       1    816488       3995252
 885	       1    824609       4003295
 886	       1    829578       4001603
 887	       1    828665       3998546
 888	       2    821787       3996901
 889	       1    839919       4005678
 890	       1    838317       3996035
 891	       1    846048       4003940
 892	       1    850607       3999798
 893	       1    855166       3999081
 894	       1    600360       4404220
 895	       1    597538       4403251
 896	       1    595182       4399803
 897	       1    597351       4398365
 898	       1    595781       4397834
 899	       1    577479       4403067
 900	       1    566207       4405159
 901	       1    565532       4405031
 902	       1    570251       4397370
 903	       2    767622       3993501
 904	       1    772957       3989589
 905	       2    806538       3992309
 906	       2    808901       3992881
 907	       1    818102       3990810
 908	       1    813971       3986894
 909	       1    823429       3993750
 910	       1    826679       3993504
 911	       1    831512       3993652
 912	       1    829172       3989118
 913	       1    836468       3990595
 914	       1    836094       3987869
 915	       2    845989       3993555
 916	       1    850087       3993162
 917	       1    842731       3992816
 918	       1    849468       3988046
 919	       1    859020       3992045
 920	       1    855190       3987353
 921	       1    863116       3996105
 922	       1    861600       3988415
 923	       1    586189       4413061
 924	       1    590780       4410394
 925	       1    588490       4407914
 926	       1    577469       4411747
 927	       1    580001       4406833
 928	       1    566654       4414775
 929	       1    572549       4412708
 930	       1    568422       4411172
 931	       2    569728       4408764
 932	       2    820509       3985219
 933	       2    820757       3979883
 934	       1    817248       3977411
 935	       2    831087       3982888
 936	       1    827123       3981573
 937	       2    830426       3977862
 938	       2    837554       3985146
 939	       1    835943       3979271
 940	       2    835365       3977371
 941	       1    839807       3977574
 942	       1    846409       3982211
 943	       1    859633       3980151
 944	       1    855954       3978523
 945	       1    864262       3984144
 946	       1    585467       4423332
 947	       1    583229       4420177
 948	       1    580947       4419364
 949	       1    571508       4424265
 950	       1    571219       4420455
 951	       1    565569       4420604
 952	       1    560959       4423263
 953	       1    767569       3964935
 954	       1    768461       3964440
 955	       1    781069       3969519
 956	       2    815758       3974335
 957	       1    818013       3970249
 958	       2    819497       3969492
 959	       2    827383       3974570
 960	       1    836778       3973290
 961	       1    834802       3971703
 962	       1    837355       3967410
 963	       2    848276       3976849
 964	       1    851629       3973525
 965	       1    846876       3972192
 966	       1    852032       3968416
 967	       1    579313       4425230
 968	       1    570990       4432185
 969	       1    560877       4428179
 970	       1    547496       4428939
 971	       1    550707       4427372
 972	       1    776340       3958452
 973	       1    780174       3955196
 974	       1    784678       3963647
 975	       1    789652       3961831
 976	       1    790226       3957596
 977	       2    800182       3964004
 978	       1    801116       3960770
 979	       1    796239       3960627
 980	       1    810953       3964376
 981	       1    810601       3964330
 982	       2    807007       3957794
 983	       2    805474       3958352
 984	       2    820942       3965099
 985	       2    812564       3965177
 986	       1    815958       3959620
 987	       2    815958       3959620
 988	       1    816750       3956470
 989	       2    821997       3957492
 990	       2    822258       3966258
 991	       2    828736       3961774
 992	       1    831255       3961034
 993	       1    827243       3958518
 994	       2    830496       3957094
 995	       2    836801       3958876
 996	       1    840154       3958659
 997	       1    846305       3966889
 998	       2    847698       3962098
 999	       1    857905       3967418
1000	       1    859556       3962238
1001	       1    853977       3960101
1002	       1    580003       4439990
1003	       1    574914       4440082
1004	       1    575985       4436119
1005	       1    565585       4440573
1006	       1    561325       4436186
1007	       1    765226       3950672
1008	       1    801317       3951911
1009	       2    809691       3952266
1010	       1    806714       3951051
1011	       1    811037       3946969
1012	       2    814462       3954011
1013	       1    813711       3953207
1014	       2    817773       3951684
1015	       1    817802       3951652
1016	       2    829078       3950584
1017	       2    827489       3949881
1018	       2    838786       3951749
1019	       1    850984       3956236
1020	       1    847266       3952054
1021	       1    569071       4451693
1022	       1    570380       4448242
1023	       1    568255       4446857
1024	       1    556611       4453065
1025	       1    560421       4444725
1026	       1    799494       3944662
1027	       2    811180       3944974
1028	       1    809792       3945725
1029	       1    805539       3940368
1030	       1    808252       3940150
1031	       1    819561       3944070
1032	       1    814082       3937020
1033	       2    818123       3937563
1034	       2    828836       3944863
1035	       2    830069       3943431
1036	       1    842227       3947435
1037	       1    852049       3945817
1038	       1    844862       3943158
1039	       1    851875       3940564
1040	       1    847389       3939121
1041	       1    556049       4460448
1042	       1    552567       4459507
1043	       1    807017       3934886
1044	       1    810438       3932360
1045	       1    809267       3932597
1046	       1    823075       3934752
1047	       1    821622       3930933
1048	       1    829485       3936120
1049	       1    830098       3935286
1050	       1    840457       3936964
1051	       1    835153       3937142
1052	       1    834385       3935346
1053	       1    841876       3930750
1054	       1    842674       3929147
1055	       1    845958       3930540
1056	       1    851344       3929794
1057	       1    853083       3934364
1058	       1    856420       3930484
1059	       1    560625       4471268
1060	       1    555070       4471603
1061	       1    560933       4469583
1062	       1    556265       4469392
1063	       1    556991       4465833
1064	       1    554166       4465246
1065	       1    561265       4464602
1066	       2    545027       4470814
1067	       1    546515       4470959
1068	       1    551290       4468512
1069	       2    547266       4464026
1070	       1    541726       4471579
1071	       2    820679       3926821
1072	       1    818644       3926504
1073	       1    813954       3924083
1074	       1    818193       3919977
1075	       1    832275       3927555
1076	       2    824300       3924518
1077	       1    831642       3921542
1078	       1    823539       3919635
1079	       1    835415       3927983
1080	       1    837357       3921321
1081	       1    845260       3924367
1082	       1    849528       3921075
1083	       1    848342       3919273
1084	       2    854847       3926097
1085	       1    853171       3920606
1086	       1    861929       3922901
1087	       1    864145       3923724
1088	       1    862748       3920210
1089	       2    875016       3920225
1090	       1    563755       4478420
1091	       1    551290       4480833
1092	       1    546427       4480468
1093	       2    547967       4476303
1094	       1    831098       3914332
1095	       2    842244       3918016
1096	       2    836728       3916019
1097	       1    840224       3910504
1098	       1    848024       3912436
1099	       2    848024       3912436
1100	       1    851809       3912116
1101	       1    857212       3910540
1102	       1    869087       3917322
1103	       1    865882       3915924
1104	       1    878269       3916959
1105	       1    876923       3912766
1106	       1    571667       4487239
1107	       1    564697       4484201
1108	       1    558166       4488354
1109	       1    559079       4484287
1110	       1    556582       4483979
1111	       1    828811       3902602
1112	       1    837815       3908625
1113	       1    840399       3906588
1114	       2    841057       3902445
1115	       2    842847       3900690
1116	       1    845096       3904177
1117	       1    844110       3902039
1118	       1    860608       3909074
1119	       2    854815       3908222
1120	       1    855773       3905203
1121	       2    870565       3908422
1122	       1    867638       3905033
1123	       1    864846       3902107
1124	       2    872668       3908508
1125	       2    880185       3908055
1126	       2    873712       3902903
1127	       1    875385       3902172
1128	       1    884295       3906650
1129	       1    884038       3902625
1130	       1    557645       4493279
1131	       2    836079       3891079
1132	       1    834150       3892619
1133	       1    833680       3890991
1134	       1    851539       3899390
1135	       2    849987       3898930
1136	       2    849558       3896813
1137	       2    845645       3893851
1138	       2    857734       3895276
1139	       1    860288       3893743
1140	       1    853129       3891827
1141	       2    872260       3898051
1142	       1    864685       3894108
1143	       2    867596       3893047
1144	       2    879163       3899150
1145	       2    874991       3893383
1146	       1    647088       4163541
1147	       1    648123       4165424
1148	       1    664937       4148998
1149	       1    668607       4140929
1150	       1    673133       4129999
1151	       1    691721       4130976
1152	       1    679139       4116588
1153	       1    682820       4120292
1154	       1    688489       4121266
1155	       1    713093       4132475
1156	       1    735517       4125989
1157	       1    690344       4112677
1158	       1    687951       4096799
1159	       1    696864       4101215
1160	       1    716551       4108730
1161	       1    739844       4111654
1162	       1    701752       4083889
1163	       1    709785       4086182
1164	       1    704374       4082592
1165	       1    714525       4081920
1166	       1    706881       4075220
1167	       1    711648       4079916
1168	       1    718808       4077738
1169	       1    726949       4073732
1170	       1    714929       4072798
1171	       1    713844       4065111
1172	       1    716104       4068021
1173	       1    713248       4059062
1174	       1    721371       4064120
1175	       1    726955       4068313
1176	       1    730137       4068485
1177	       1    741020       4072235
1178	       1    720853       4058499
1179	       1    728080       4063968
1180	       1    721462       4055018
1181	       1    726651       4054936
1182	       1    733574       4061385
1183	       1    736387       4061567
1184	       1    743138       4063267
1185	       1    727248       4049295
1186	       1    734884       4056346
1187	       1    729363       4046903
1188	       1    733152       4047110
1189	       1    742708       4053477
1190	       1    732994       4040533
1191	       1    736005       4043052
1192	       1    740479       4045918
1193	       1    746803       4048551
1194	       1    752430       4053590
1195	       1    756405       4052875
1196	       1    741184       4039475
1197	       1    734210       4030217
1198	       1    739634       4031926
1199	       1    745121       4036782
1200	       1    756901       4040901
1201	       1    736706       4026926
1202	       1    746207       4027940
1203	       1    756342       4032838
1204	       1    760215       4035080
1205	       1    749879       4023931
1206	       1    753506       4026213
1207	       1    753125       4014930
1208	       1    759341       4021388
1209	       1    765252       4025837
1210	       1    774462       4032927
1211	       1    771173       4021977
1212	       1    759111       4009365
1213	       1    766987       4012779
1214	       1    772296       4016403
1215	       1    778883       4019000
1216	       1    758873       4001295
1217	       1    767704       4005548
1218	       1    774240       4010677
1219	       1    779098       4012020
1220	       1    783710       4017323
1221	       1    789995       4020408
1222	       1    768484       3997742
1223	       1    779392       4004254
1224	       1    791396       4015523
1225	       1    792894       4010724
1226	       1    795060       4013224
1227	       1    804588       4014063
1228	       1    826269       4009414
1229	       1    808001       3997438
1230	       1    821246       4000093
1231	       1    812694       3994067
1232	       1    829105       3982231
1233	       1    835654       3978321
1234	       1    818755       3969871
1235	       1    811758       3964777
1236	       1    803295       3959561
1237	       1    815958       3959620
1238	       1    819374       3956981
1239	       1    830875       3959064
1240	       1    838478       3958768
1241	       1    808203       3951658
1242	       1    814087       3953609
1243	       1    817787       3951668
1244	       1    809716       3942562
1245	       1    820599       3936158
1246	       1    819661       3926663
1247	       1    823919       3922076
1248	       1    848024       3912436
1249	       1    840728       3904517
1250	       1    855294       3906712
1251	       1    869102       3906727
1252	       1    843479       3901364
1253	       1    850763       3899160
1254	       1    874548       3902538
1255	       1    851343       3894320
1256	       1    861617       3891573
1257	       1    866140       3893577
1258	       1    807225       3998478
1259	       1    750968       4060694
1260	       1    714797       4129681
1261	       1    643536       4250615
1262	       1    573596       4336356
1263	       1    582906       4382722
1264	       1    565743       4386253
1265	       1    597351       4398364
1266	       1    569212       4431603
1267	       2    647088       4163541
1268	       2    648123       4165424
1269	       2    664937       4148998
1270	       2    668607       4140929
1271	       2    673133       4129999
1272	       2    691721       4130976
1273	       2    679139       4116588
1274	       2    682820       4120292
1275	       2    688489       4121266
1276	       2    713093       4132475
1277	       2    735517       4125989
1278	       2    690344       4112677
1279	       2    687951       4096799
1280	       2    696864       4101215
1281	       2    716551       4108730
1282	       2    739844       4111654
1283	       2    701752       4083889
1284	       2    709785       4086182
1285	       2    704374       4082592
1286	       2    714525       4081920
1287	       2    706881       4075220
1288	       2    711648       4079916
1289	       2    718808       4077738
1290	       2    726949       4073732
1291	       2    714929       4072798
1292	       2    713844       4065111
1293	       2    716104       4068021
1294	       2    713248       4059062
1295	       2    721371       4064120
1296	       2    726955       4068313
1297	       2    730137       4068485
1298	       2    741020       4072235
1299	       2    720853       4058499
1300	       2    728080       4063968
1301	       2    721462       4055018
1302	       2    726651       4054936
1303	       2    733574       4061385
1304	       2    736387       4061567
1305	       2    743138       4063267
1306	       2    727248       4049295
1307	       2    734884       4056346
1308	       2    729363       4046903
1309	       2    733152       4047110
1310	       2    742708       4053477
1311	       2    732994       4040533
1312	       2    736005       4043052
1313	       2    740479       4045918
1314	       2    746803       4048551
1315	       2    752430       4053590
1316	       2    756405       4052875
1317	       2    741184       4039475
1318	       2    734210       4030217
1319	       2    739634       4031926
1320	       2    745121       4036782
1321	       2    756901       4040901
1322	       2    736706       4026926
1323	       2    746207       4027940
1324	       2    756342       4032838
1325	       2    760215       4035080
1326	       2    749879       4023931
1327	       2    753506       4026213
1328	       2    753125       4014930
1329	       2    759341       4021388
1330	       2    765252       4025837
1331	       2    774462       4032927
1332	       2    771173       4021977
1333	       2    759111       4009365
1334	       2    766987       4012779
1335	       2    772296       4016403
1336	       2    778883       4019000
1337	       2    758873       4001295
1338	       2    767704       4005548
1339	       2    774240       4010677
1340	       2    779098       4012020
1341	       2    783710       4017323
1342	       2    789995       4020408
1343	       2    768484       3997742
1344	       2    779392       4004254
1345	       2    791396       4015523
1346	       2    792894       4010724
1347	       2    795060       4013224
1348	       2    804588       4014063
1349	       2    826269       4009414
1350	       2    808001       3997438
1351	       2    821246       4000093
1352	       2    812694       3994067
1353	       2    829105       3982231
1354	       2    835654       3978321
1355	       2    818755       3969871
1356	       2    811758       3964777
1357	       2    803295       3959561
1358	       2    815958       3959620
1359	       2    819374       3956981
1360	       2    830875       3959064
1361	       2    838478       3958768
1362	       2    808203       3951658
1363	       2    814087       3953609
1364	       2    817787       3951668
1365	       2    809716       3942562
1366	       2    820599       3936158
1367	       2    819661       3926663
1368	       2    823919       3922076
1369	       2    848024       3912436
1370	       2    840728       3904517
1371	       2    855294       3906712
1372	       2    869102       3906727
1373	       2    843479       3901364
1374	       2    850763       3899160
1375	       2    874548       3902538
1376	       2    851343       3894320
1377	       2    861617       3891573
1378	       2    866140       3893577
1379	       2    808777       3996399
1380	       2    748223       4054128
1381	       2    713089       4131581
1382	       2    641065       4252048
1383	       2    571715       4338059
1384	       3    582087       4384622
1385	       2    565743       4386253
1386	       2    597351       4398364
1387	       2    569212       4431603